[COMMENT]
	[NAME]MATSUSHITA

[COMMANDS]
[POWER]00 A4 00 A4 00 28 00 7B 00 28 00 28 00 28 00 28 00 28 00 7B 00 28 00 28 00 28 00 7B 00 28 00 28 00 28 00 28 00 28 00 28 00 28 00 28 00 28 00 28 00 28 00 7B 00 28 00 28 00 28 00 7B 00 28 00 7B 00 28 00 28 00 28 00 7B 00 28 00 28 00 28 00 7B 00 28 00 7B 00 28 00 7B 00 28 00 7B 00 28 00 7B 00 28 00 28 FF FF
[CHUP]00 A4 00 A4 00 28 00 7B 00 28 00 28 00 28 00 28 00 28 00 7B 00 28 00 28 00 28 00 7B 00 28 00 28 00 28 00 28 00 28 00 28 00 28 00 28 00 28 00 7B 00 28 00 28 00 28 00 28 00 28 00 7B 00 28 00 7B 00 28 00 28 00 28 00 7B 00 28 00 28 00 28 00 7B 00 28 00 7B 00 28 00 7B 00 28 00 7B 00 28 00 28 00 28 00 7B FF FF
[CHDOWN]00 A4 00 A4 00 28 00 7B 00 28 00 28 00 28 00 28 00 28 00 7B 00 28 00 28 00 28 00 7B 00 28 00 28 00 28 00 28 00 28 00 28 00 28 00 7B 00 28 00 28 00 28 00 28 00 28 00 28 00 28 00 7B 00 28 00 7B 00 28 00 28 00 28 00 7B 00 28 00 28 00 28 00 7B 00 28 00 7B 00 28 00 7B 00 28 00 28 00 28 00 7B 00 28 00 7B FF FF
[PREV]00 A4 00 A4 00 28 00 7B 00 28 00 28 00 28 00 28 00 28 00 7B 00 28 00 28 00 28 00 7B 00 28 00 28 00 28 00 7B 00 28 00 7B 00 28 00 7B 00 28 00 28 00 28 00 28 00 28 00 28 00 28 00 7B 00 28 00 7B 00 28 00 28 00 28 00 7B 00 28 00 28 00 28 00 7B 00 28 00 28 00 28 00 28 00 28 00 28 00 28 00 7B 00 28 00 7B FF FF
[0]00 A4 00 A4 00 28 00 7B 00 28 00 28 00 28 00 28 00 28 00 7B 00 28 00 28 00 28 00 7B 00 28 00 7B 00 28 00 28 00 28 00 28 00 28 00 7B 00 28 00 28 00 28 00 7B 00 28 00 28 00 28 00 7B 00 28 00 7B 00 28 00 28 00 28 00 7B 00 28 00 28 00 28 00 28 00 28 00 7B 00 28 00 7B 00 28 00 28 00 28 00 7B 00 28 00 28 FF FF
[1]00 A4 00 A4 00 28 00 7B 00 28 00 28 00 28 00 28 00 28 00 7B 00 28 00 28 00 28 00 7B 00 28 00 7B 00 28 00 7B 00 28 00 7B 00 28 00 7B 00 28 00 7B 00 28 00 28 00 28 00 28 00 28 00 7B 00 28 00 7B 00 28 00 28 00 28 00 7B 00 28 00 28 00 28 00 28 00 28 00 28 00 28 00 28 00 28 00 28 00 28 00 28 00 28 00 7B FF FF
[2]00 A4 00 A4 00 28 00 7B 00 28 00 28 00 28 00 28 00 28 00 7B 00 28 00 28 00 28 00 7B 00 28 00 7B 00 28 00 28 00 28 00 28 00 28 00 28 00 28 00 28 00 28 00 7B 00 28 00 28 00 28 00 7B 00 28 00 7B 00 28 00 28 00 28 00 7B 00 28 00 28 00 28 00 28 00 28 00 7B 00 28 00 7B 00 28 00 7B 00 28 00 7B 00 28 00 28 FF FF
[3]00 A4 00 A4 00 28 00 7B 00 28 00 28 00 28 00 28 00 28 00 7B 00 28 00 28 00 28 00 7B 00 28 00 28 00 28 00 7B 00 28 00 28 00 28 00 28 00 28 00 28 00 28 00 7B 00 28 00 28 00 28 00 7B 00 28 00 7B 00 28 00 28 00 28 00 7B 00 28 00 28 00 28 00 7B 00 28 00 28 00 28 00 7B 00 28 00 7B 00 28 00 7B 00 28 00 28 FF FF
[4]00 A4 00 A4 00 28 00 7B 00 28 00 28 00 28 00 28 00 28 00 7B 00 28 00 28 00 28 00 7B 00 28 00 7B 00 28 00 7B 00 28 00 28 00 28 00 28 00 28 00 28 00 28 00 7B 00 28 00 28 00 28 00 7B 00 28 00 7B 00 28 00 28 00 28 00 7B 00 28 00 28 00 28 00 28 00 28 00 28 00 28 00 7B 00 28 00 7B 00 28 00 7B 00 28 00 28 FF FF
[5]00 A4 00 A4 00 28 00 7B 00 28 00 28 00 28 00 28 00 28 00 7B 00 28 00 28 00 28 00 7B 00 28 00 28 00 28 00 28 00 28 00 7B 00 28 00 28 00 28 00 28 00 28 00 7B 00 28 00 28 00 28 00 7B 00 28 00 7B 00 28 00 28 00 28 00 7B 00 28 00 28 00 28 00 7B 00 28 00 7B 00 28 00 28 00 28 00 7B 00 28 00 7B 00 28 00 28 FF FF
[6]00 A4 00 A4 00 28 00 7B 00 28 00 28 00 28 00 28 00 28 00 7B 00 28 00 28 00 28 00 7B 00 28 00 7B 00 28 00 28 00 28 00 7B 00 28 00 28 00 28 00 28 00 28 00 7B 00 28 00 28 00 28 00 7B 00 28 00 7B 00 28 00 28 00 28 00 7B 00 28 00 28 00 28 00 28 00 28 00 7B 00 28 00 28 00 28 00 7B 00 28 00 7B 00 28 00 28 FF FF
[7]00 A4 00 A4 00 28 00 7B 00 28 00 28 00 28 00 28 00 28 00 7B 00 28 00 28 00 28 00 7B 00 28 00 28 00 28 00 7B 00 28 00 7B 00 28 00 28 00 28 00 28 00 28 00 7B 00 28 00 28 00 28 00 7B 00 28 00 7B 00 28 00 28 00 28 00 7B 00 28 00 28 00 28 00 7B 00 28 00 28 00 28 00 28 00 28 00 7B 00 28 00 7B 00 28 00 28 FF FF
[8]00 A4 00 A4 00 28 00 7B 00 28 00 28 00 28 00 28 00 28 00 7B 00 28 00 28 00 28 00 7B 00 28 00 7B 00 28 00 7B 00 28 00 7B 00 28 00 28 00 28 00 28 00 28 00 7B 00 28 00 28 00 28 00 7B 00 28 00 7B 00 28 00 28 00 28 00 7B 00 28 00 28 00 28 00 28 00 28 00 28 00 28 00 28 00 28 00 7B 00 28 00 7B 00 28 00 28 FF FF
[9]00 A4 00 A4 00 28 00 7B 00 28 00 28 00 28 00 28 00 28 00 7B 00 28 00 28 00 28 00 7B 00 28 00 28 00 28 00 28 00 28 00 28 00 28 00 7B 00 28 00 28 00 28 00 7B 00 28 00 28 00 28 00 7B 00 28 00 7B 00 28 00 28 00 28 00 7B 00 28 00 28 00 28 00 7B 00 28 00 7B 00 28 00 7B 00 28 00 28 00 28 00 7B 00 28 00 28 FF FF
[DOT]00 A4 00 A4 00 28 00 7B 00 28 00 28 00 28 00 28 00 28 00 7B 00 28 00 28 00 28 00 7B 00 28 00 28 00 28 00 7B 00 28 00 7B 00 28 00 7B 00 28 00 7B 00 28 00 28 00 28 00 28 00 28 00 7B 00 28 00 7B 00 28 00 28 00 28 00 7B 00 28 00 28 00 28 00 7B 00 28 00 28 00 28 00 28 00 28 00 28 00 28 00 28 00 28 00 7B FF FF
[INFO]00 A4 00 A4 00 28 00 7B 00 28 00 28 00 28 00 28 00 28 00 7B 00 28 00 28 00 28 00 7B 00 28 00 7B 00 28 00 7B 00 28 00 7B 00 28 00 7B 00 28 00 28 00 28 00 28 00 28 00 28 00 28 00 7B 00 28 00 7B 00 28 00 28 00 28 00 7B 00 28 00 28 00 28 00 28 00 28 00 28 00 28 00 28 00 28 00 28 00 28 00 7B 00 28 00 7B FF FF
[AUDIO]00 A4 00 A4 00 28 00 7B 00 28 00 28 00 28 00 28 00 28 00 7B 00 28 00 28 00 28 00 7B 00 28 00 28 00 28 00 28 00 28 00 7B 00 28 00 7B 00 28 00 28 00 28 00 28 00 28 00 28 00 28 00 7B 00 28 00 7B 00 28 00 28 00 28 00 7B 00 28 00 28 00 28 00 7B 00 28 00 7B 00 28 00 28 00 28 00 28 00 28 00 7B 00 28 00 7B FF FF
[VOLUP]00 A4 00 A4 00 28 00 7B 00 28 00 28 00 28 00 28 00 28 00 7B 00 28 00 28 00 28 00 7B 00 28 00 28 00 28 00 28 00 28 00 28 00 28 00 28 00 28 00 7B 00 28 00 7B 00 28 00 28 00 28 00 7B 00 28 00 7B 00 28 00 28 00 28 00 7B 00 28 00 28 00 28 00 7B 00 28 00 7B 00 28 00 7B 00 28 00 7B 00 28 00 28 00 28 00 28 FF FF
[VOLDOWN]00 A4 00 A4 00 28 00 7B 00 28 00 28 00 28 00 28 00 28 00 7B 00 28 00 28 00 28 00 7B 00 28 00 7B 00 28 00 28 00 28 00 28 00 28 00 28 00 28 00 7B 00 28 00 7B 00 28 00 28 00 28 00 7B 00 28 00 7B 00 28 00 28 00 28 00 7B 00 28 00 28 00 28 00 28 00 28 00 7B 00 28 00 7B 00 28 00 7B 00 28 00 28 00 28 00 28 FF FF
[MUTE]00 A4 00 A4 00 28 00 7B 00 28 00 28 00 28 00 28 00 28 00 7B 00 28 00 28 00 28 00 7B 00 28 00 7B 00 28 00 7B 00 28 00 28 00 28 00 28 00 28 00 7B 00 28 00 7B 00 28 00 28 00 28 00 7B 00 28 00 7B 00 28 00 28 00 28 00 7B 00 28 00 28 00 28 00 28 00 28 00 28 00 28 00 7B 00 28 00 7B 00 28 00 28 00 28 00 28 FF FF
[SLEEP]00 A4 00 A4 00 28 00 7B 00 28 00 28 00 28 00 28 00 28 00 7B 00 28 00 28 00 28 00 7B 00 28 00 7B 00 28 00 7B 00 28 00 28 00 28 00 7B 00 28 00 28 00 28 00 28 00 28 00 28 00 28 00 7B 00 28 00 7B 00 28 00 28 00 28 00 7B 00 28 00 28 00 28 00 28 00 28 00 28 00 28 00 7B 00 28 00 28 00 28 00 7B 00 28 00 7B FF FF
[CC]00 A4 00 A4 00 28 00 7B 00 28 00 28 00 28 00 28 00 28 00 7B 00 28 00 28 00 28 00 7B 00 28 00 28 00 28 00 28 00 28 00 7B 00 28 00 7B 00 28 00 7B 00 28 00 28 00 28 00 28 00 28 00 7B 00 28 00 7B 00 28 00 28 00 28 00 7B 00 28 00 28 00 28 00 7B 00 28 00 7B 00 28 00 28 00 28 00 28 00 28 00 28 00 28 00 7B FF FF
[FREEZE]00 A4 00 A4 00 28 00 7B 00 28 00 28 00 28 00 28 00 28 00 7B 00 28 00 28 00 28 00 7B 00 28 00 7B 00 28 00 28 00 28 00 7B 00 28 00 28 00 28 00 7B 00 28 00 28 00 28 00 28 00 28 00 7B 00 28 00 7B 00 28 00 28 00 28 00 7B 00 28 00 28 00 28 00 28 00 28 00 7B 00 28 00 28 00 28 00 7B 00 28 00 28 00 28 00 7B FF FF
[SOURCE]00 A4 00 A4 00 28 00 7B 00 28 00 28 00 28 00 28 00 28 00 7B 00 28 00 28 00 28 00 7B 00 28 00 7B 00 28 00 28 00 28 00 7B 00 28 00 7B 00 28 00 28 00 28 00 28 00 28 00 28 00 28 00 7B 00 28 00 7B 00 28 00 28 00 28 00 7B 00 28 00 28 00 28 00 28 00 28 00 7B 00 28 00 28 00 28 00 28 00 28 00 7B 00 28 00 7B FF FF
[FORMAT]00 A4 00 A4 00 28 00 7B 00 28 00 28 00 28 00 28 00 28 00 7B 00 28 00 28 00 28 00 7B 00 28 00 7B 00 28 00 28 00 28 00 28 00 28 00 7B 00 28 00 7B 00 28 00 7B 00 28 00 28 00 28 00 7B 00 28 00 7B 00 28 00 28 00 28 00 7B 00 28 00 28 00 28 00 28 00 28 00 7B 00 28 00 7B 00 28 00 28 00 28 00 28 00 28 00 28 FF FF
[AUTOMODE]00 00 FF FF
[AUTOPIC]00 00 FF FF
[AUTOSOUND]00 00 FF FF
[OPTIONS]00 00 FF FF
[UP]00 A4 00 A4 00 28 00 7B 00 28 00 28 00 28 00 28 00 28 00 7B 00 28 00 28 00 28 00 7B 00 28 00 28 00 28 00 7B 00 28 00 7B 00 28 00 28 00 28 00 7B 00 28 00 7B 00 28 00 28 00 28 00 7B 00 28 00 7B 00 28 00 28 00 28 00 7B 00 28 00 28 00 28 00 7B 00 28 00 28 00 28 00 28 00 28 00 7B 00 28 00 28 00 28 00 28 FF FF
[DOWN]00 A4 00 A4 00 28 00 7B 00 28 00 28 00 28 00 28 00 28 00 7B 00 28 00 28 00 28 00 7B 00 28 00 7B 00 28 00 7B 00 28 00 7B 00 28 00 28 00 28 00 7B 00 28 00 7B 00 28 00 28 00 28 00 7B 00 28 00 7B 00 28 00 28 00 28 00 7B 00 28 00 28 00 28 00 28 00 28 00 28 00 28 00 28 00 28 00 7B 00 28 00 28 00 28 00 28 FF FF
[LEFT]00 A4 00 A4 00 28 00 7B 00 28 00 28 00 28 00 28 00 28 00 7B 00 28 00 28 00 28 00 7B 00 28 00 28 00 28 00 7B 00 28 00 7B 00 28 00 28 00 28 00 28 00 28 00 28 00 28 00 28 00 28 00 7B 00 28 00 7B 00 28 00 28 00 28 00 7B 00 28 00 28 00 28 00 7B 00 28 00 28 00 28 00 28 00 28 00 7B 00 28 00 7B 00 28 00 7B FF FF
[RIGHT]00 A4 00 A4 00 28 00 7B 00 28 00 28 00 28 00 28 00 28 00 7B 00 28 00 28 00 28 00 7B 00 28 00 7B 00 28 00 7B 00 28 00 7B 00 28 00 28 00 28 00 28 00 28 00 28 00 28 00 28 00 28 00 7B 00 28 00 7B 00 28 00 28 00 28 00 7B 00 28 00 28 00 28 00 28 00 28 00 28 00 28 00 28 00 28 00 7B 00 28 00 7B 00 28 00 7B FF FF
[OK]00 A4 00 A4 00 28 00 7B 00 28 00 28 00 28 00 28 00 28 00 7B 00 28 00 28 00 28 00 7B 00 28 00 28 00 28 00 7B 00 28 00 7B 00 28 00 7B 00 28 00 7B 00 28 00 7B 00 28 00 28 00 28 00 7B 00 28 00 7B 00 28 00 28 00 28 00 7B 00 28 00 28 00 28 00 7B 00 28 00 28 00 28 00 28 00 28 00 28 00 28 00 28 00 28 00 28 FF FF
[BACK]00 A4 00 A4 00 28 00 7B 00 28 00 28 00 28 00 28 00 28 00 7B 00 28 00 28 00 28 00 7B 00 28 00 7B 00 28 00 7B 00 28 00 28 00 28 00 7B 00 28 00 7B 00 28 00 7B 00 28 00 28 00 28 00 7B 00 28 00 7B 00 28 00 28 00 28 00 7B 00 28 00 28 00 28 00 28 00 28 00 28 00 28 00 7B 00 28 00 28 00 28 00 28 00 28 00 28 FF FF
[MENU]00 A4 00 A4 00 28 00 7B 00 28 00 28 00 28 00 28 00 28 00 7B 00 28 00 28 00 28 00 7B 00 28 00 7B 00 28 00 7B 00 28 00 7B 00 28 00 7B 00 28 00 28 00 28 00 7B 00 28 00 28 00 28 00 7B 00 28 00 7B 00 28 00 28 00 28 00 7B 00 28 00 28 00 28 00 28 00 28 00 28 00 28 00 28 00 28 00 28 00 28 00 7B 00 28 00 28 FF FF
[PLAY]00 00 FF FF
[STOP]00 00 FF FF
[SKPUP]00 00 FF FF
[SKPDWN]00 00 FF FF
[PAUSE]00 00 FF FF
[REV]00 00 FF FF
[FWD]00 00 FF FF
[RED]00 00 FF FF
[GREEN]00 00 FF FF
[BLUE]00 00 FF FF
[YELLOW]00 00 FF FF
[HOME]00 00 FF FF
[EJECT]00 00 FF FF
[DISCMENU]00 00 FF FF
[TITLE]00 00 FF FF
[MODE]00 00 FF FF
[CLEAR]00 00 FF FF
[10]00 00 FF FF
[SUBTITLE]00 00 FF FF
[ANGLE]00 00 FF FF
[REPEAT]00 00 FF FF
[A2B]00 00 FF FF
[SRCHMODE]00 00 FF FF
[PIP]00 00 FF FF
[WHITEB]00 00 FF FF
[FACTORY]00 00 FF FF