[COMMENT]
	[NAME]PHILIPS_RC6

[COMMANDS]
[POWER]00 7D 00 2A 00 15 00 2A 00 15 00 15 00 15 00 15 00 3E 00 3E 00 15 00 15 00 15 00 15 00 15 00 15 00 15 00 15 00 15 00 15 00 15 00 15 00 15 00 15 00 15 00 15 00 15 00 15 00 15 00 15 00 15 00 15 00 2A 00 15 00 15 00 2A 00 15 00 15 00 15 FF FF            
[CHUP]00 7D 00 2A 00 15 00 2A 00 15 00 15 00 15 00 15 00 3E 00 3E 00 15 00 15 00 15 00 15 00 15 00 15 00 15 00 15 00 15 00 15 00 15 00 15 00 15 00 15 00 15 00 15 00 15 00 15 00 2A 00 2A 00 15 00 15 00 15 00 15 00 15 00 15 00 15 00 15 00 15 FF FF            
[CHDOWN]00 7D 00 2A 00 15 00 2A 00 15 00 15 00 15 00 15 00 3E 00 3E 00 15 00 15 00 15 00 15 00 15 00 15 00 15 00 15 00 15 00 15 00 15 00 15 00 15 00 15 00 15 00 15 00 15 00 15 00 2A 00 2A 00 15 00 15 00 15 00 15 00 15 00 15 00 2A 00 15 FF FF                  
[PREV]00 7D 00 2A 00 15 00 2A 00 15 00 15 00 15 00 15 00 3E 00 3E 00 15 00 15 00 15 00 15 00 15 00 15 00 15 00 15 00 15 00 15 00 15 00 15 00 15 00 15 00 15 00 15 00 15 00 15 00 15 00 15 00 15 00 15 00 2A 00 2A 00 2A 00 2A 00 15 FF FF                        
[0]00 7D 00 2A 00 15 00 2A 00 15 00 15 00 15 00 15 00 3E 00 3E 00 15 00 15 00 15 00 15 00 15 00 15 00 15 00 15 00 15 00 15 00 15 00 15 00 15 00 15 00 15 00 15 00 15 00 15 00 15 00 15 00 15 00 15 00 15 00 15 00 15 00 15 00 15 00 15 00 15 00 15 00 15 FF FF
[1]00 7D 00 2A 00 15 00 2A 00 15 00 15 00 15 00 15 00 3E 00 3E 00 15 00 15 00 15 00 15 00 15 00 15 00 15 00 15 00 15 00 15 00 15 00 15 00 15 00 15 00 15 00 15 00 15 00 15 00 15 00 15 00 15 00 15 00 15 00 15 00 15 00 15 00 15 00 15 00 2A 00 15 FF FF      
[2]00 7D 00 2A 00 15 00 2A 00 15 00 15 00 15 00 15 00 3E 00 3E 00 15 00 15 00 15 00 15 00 15 00 15 00 15 00 15 00 15 00 15 00 15 00 15 00 15 00 15 00 15 00 15 00 15 00 15 00 15 00 15 00 15 00 15 00 15 00 15 00 15 00 15 00 2A 00 2A 00 15 FF FF            
[3]00 7D 00 2A 00 15 00 2A 00 15 00 15 00 15 00 15 00 3E 00 3E 00 15 00 15 00 15 00 15 00 15 00 15 00 15 00 15 00 15 00 15 00 15 00 15 00 15 00 15 00 15 00 15 00 15 00 15 00 15 00 15 00 15 00 15 00 15 00 15 00 15 00 15 00 2A 00 15 00 15 00 15 FF FF      
[4]00 7D 00 2A 00 15 00 2A 00 15 00 15 00 15 00 15 00 3E 00 3E 00 15 00 15 00 15 00 15 00 15 00 15 00 15 00 15 00 15 00 15 00 15 00 15 00 15 00 15 00 15 00 15 00 15 00 15 00 15 00 15 00 15 00 15 00 15 00 15 00 2A 00 2A 00 15 00 15 00 15 FF FF            
[5]00 7D 00 2A 00 15 00 2A 00 15 00 15 00 15 00 15 00 3E 00 3E 00 15 00 15 00 15 00 15 00 15 00 15 00 15 00 15 00 15 00 15 00 15 00 15 00 15 00 15 00 15 00 15 00 15 00 15 00 15 00 15 00 15 00 15 00 15 00 15 00 2A 00 2A 00 2A 00 15 FF FF                  
[6]00 7D 00 2A 00 15 00 2A 00 15 00 15 00 15 00 15 00 3E 00 3E 00 15 00 15 00 15 00 15 00 15 00 15 00 15 00 15 00 15 00 15 00 15 00 15 00 15 00 15 00 15 00 15 00 15 00 15 00 15 00 15 00 15 00 15 00 15 00 15 00 2A 00 15 00 15 00 2A 00 15 FF FF            
[7]00 7D 00 2A 00 15 00 2A 00 15 00 15 00 15 00 15 00 3E 00 3E 00 15 00 15 00 15 00 15 00 15 00 15 00 15 00 15 00 15 00 15 00 15 00 15 00 15 00 15 00 15 00 15 00 15 00 15 00 15 00 15 00 15 00 15 00 15 00 15 00 2A 00 15 00 15 00 15 00 15 00 15 FF FF      
[8]00 7D 00 2A 00 15 00 2A 00 15 00 15 00 15 00 15 00 3E 00 3E 00 15 00 15 00 15 00 15 00 15 00 15 00 15 00 15 00 15 00 15 00 15 00 15 00 15 00 15 00 15 00 15 00 15 00 15 00 15 00 15 00 15 00 15 00 2A 00 2A 00 15 00 15 00 15 00 15 00 15 FF FF            
[9]00 7D 00 2A 00 15 00 2A 00 15 00 15 00 15 00 15 00 3E 00 3E 00 15 00 15 00 15 00 15 00 15 00 15 00 15 00 15 00 15 00 15 00 15 00 15 00 15 00 15 00 15 00 15 00 15 00 15 00 15 00 15 00 15 00 15 00 2A 00 2A 00 15 00 15 00 2A 00 15 FF FF                  
[DOT]00 7D 00 2A 00 15 00 2A 00 15 00 15 00 15 00 15 00 3E 00 3E 00 15 00 15 00 15 00 15 00 15 00 15 00 15 00 15 00 15 00 15 00 15 00 15 00 15 00 15 00 2A 00 15 00 15 00 2A 00 2A 00 15 00 15 00 2A 00 15 00 15 00 2A 00 15 FF FF                              
[INFO]00 7D 00 2A 00 15 00 2A 00 15 00 15 00 15 00 15 00 3E 00 3E 00 15 00 15 00 15 00 15 00 15 00 15 00 15 00 15 00 15 00 15 00 15 00 15 00 15 00 15 00 15 00 15 00 15 00 15 00 15 00 15 00 15 00 15 00 2A 00 15 00 15 00 15 00 15 00 15 00 15 00 15 FF FF      
[AUDIO]00 7D 00 2A 00 15 00 2A 00 15 00 15 00 15 00 15 00 3E 00 3E 00 15 00 15 00 15 00 15 00 15 00 15 00 15 00 15 00 15 00 15 00 15 00 15 00 15 00 15 00 15 00 15 00 2A 00 2A 00 15 00 15 00 2A 00 15 00 15 00 15 00 15 00 2A 00 15 FF FF                        
[VOLUP]00 7D 00 2A 00 15 00 2A 00 15 00 15 00 15 00 15 00 3E 00 3E 00 15 00 15 00 15 00 15 00 15 00 15 00 15 00 15 00 15 00 15 00 15 00 15 00 15 00 15 00 15 00 15 00 15 00 15 00 15 00 15 00 2A 00 2A 00 15 00 15 00 15 00 15 00 15 00 15 00 15 FF FF            
[VOLDOWN]00 7D 00 2A 00 15 00 2A 00 15 00 15 00 15 00 15 00 3E 00 3E 00 15 00 15 00 15 00 15 00 15 00 15 00 15 00 15 00 15 00 15 00 15 00 15 00 15 00 15 00 15 00 15 00 15 00 15 00 15 00 15 00 2A 00 2A 00 15 00 15 00 15 00 15 00 2A 00 15 FF FF                  
[MUTE]00 7D 00 2A 00 15 00 2A 00 15 00 15 00 15 00 15 00 3E 00 3E 00 15 00 15 00 15 00 15 00 15 00 15 00 15 00 15 00 15 00 15 00 15 00 15 00 15 00 15 00 15 00 15 00 15 00 15 00 15 00 15 00 15 00 15 00 2A 00 15 00 15 00 2A 00 2A 00 15 FF FF                  
[SLEEP]00 7D 00 2A 00 15 00 2A 00 15 00 15 00 15 00 15 00 3E 00 3E 00 15 00 15 00 15 00 15 00 15 00 15 00 15 00 15 00 15 00 15 00 15 00 15 00 15 00 15 00 15 00 15 00 2A 00 2A 00 15 00 15 00 15 00 15 00 2A 00 15 00 15 00 15 00 15 00 15 FF FF                  
[CC]00 7D 00 2A 00 15 00 2A 00 15 00 15 00 15 00 15 00 3E 00 3E 00 15 00 15 00 15 00 15 00 15 00 15 00 15 00 15 00 15 00 15 00 15 00 15 00 15 00 15 00 15 00 15 00 2A 00 2A 00 15 00 15 00 15 00 15 00 2A 00 15 00 15 00 2A 00 15 FF FF                        
[FREEZE]00 7D 00 2A 00 15 00 2A 00 15 00 15 00 15 00 15 00 3E 00 3E 00 15 00 15 00 15 00 15 00 15 00 15 00 15 00 15 00 15 00 15 00 15 00 15 00 15 00 15 00 15 00 15 00 2A 00 15 00 15 00 2A 00 15 00 15 00 2A 00 15 00 15 00 15 00 15 00 15 FF FF                  
[SOURCE]00 7D 00 2A 00 15 00 2A 00 15 00 15 00 15 00 15 00 3E 00 3E 00 15 00 15 00 15 00 15 00 15 00 15 00 15 00 15 00 15 00 15 00 15 00 15 00 15 00 15 00 15 00 15 00 15 00 15 00 2A 00 15 00 15 00 15 00 15 00 2A 00 15 00 15 00 15 00 15 00 15 FF FF            
[FORMAT]00 7D 00 2A 00 15 00 2A 00 15 00 15 00 15 00 15 00 3E 00 3E 00 15 00 15 00 15 00 15 00 15 00 15 00 15 00 15 00 15 00 15 00 15 00 15 00 15 00 15 00 2A 00 15 00 15 00 15 00 15 00 15 00 15 00 2A 00 2A 00 2A 00 2A 00 15 FF FF                              
[AUTOMODE]00 7D 00 2A 00 15 00 2A 00 15 00 15 00 15 00 15 00 3E 00 3E 00 15 00 15 00 15 00 15 00 15 00 15 00 15 00 15 00 15 00 15 00 15 00 15 00 15 00 15 00 2A 00 2A 00 2A 00 15 00 15 00 15 00 15 00 15 00 15 00 15 00 15 00 15 00 15 00 15 FF FF                  
[AUTOPIC]00 7D 00 2A 00 15 00 2A 00 15 00 15 00 15 00 15 00 3E 00 3E 00 15 00 15 00 15 00 15 00 15 00 15 00 15 00 15 00 15 00 15 00 15 00 15 00 15 00 15 00 2A 00 15 00 15 00 15 00 15 00 15 00 15 00 2A 00 15 00 15 00 2A 00 15 00 15 00 15 FF FF                  
[AUTOSOUND]00 7D 00 2A 00 15 00 2A 00 15 00 15 00 15 00 15 00 3E 00 3E 00 15 00 15 00 15 00 15 00 15 00 15 00 15 00 15 00 15 00 15 00 15 00 15 00 15 00 15 00 2A 00 15 00 15 00 15 00 15 00 15 00 15 00 2A 00 2A 00 2A 00 15 00 15 00 15 FF FF                        
[OPTIONS]00 7D 00 2A 00 15 00 2A 00 15 00 15 00 15 00 15 00 3E 00 3E 00 15 00 15 00 15 00 15 00 15 00 15 00 15 00 15 00 15 00 15 00 15 00 15 00 15 00 15 00 15 00 15 00 2A 00 2A 00 15 00 15 00 15 00 15 00 15 00 15 00 15 00 15 00 15 00 15 00 15 FF FF            
[UP]00 7D 00 2A 00 15 00 2A 00 15 00 15 00 15 00 15 00 3E 00 3E 00 15 00 15 00 15 00 15 00 15 00 15 00 15 00 15 00 15 00 15 00 15 00 15 00 15 00 15 00 15 00 15 00 2A 00 2A 00 2A 00 15 00 15 00 2A 00 15 00 15 00 15 00 15 00 15 FF FF                        
[DOWN]00 7D 00 2A 00 15 00 2A 00 15 00 15 00 15 00 15 00 3E 00 3E 00 15 00 15 00 15 00 15 00 15 00 15 00 15 00 15 00 15 00 15 00 15 00 15 00 15 00 15 00 15 00 15 00 2A 00 2A 00 2A 00 15 00 15 00 2A 00 15 00 15 00 2A 00 15 FF FF                              
[LEFT]00 7D 00 2A 00 15 00 2A 00 15 00 15 00 15 00 15 00 3E 00 3E 00 15 00 15 00 15 00 15 00 15 00 15 00 15 00 15 00 15 00 15 00 15 00 15 00 15 00 15 00 15 00 15 00 2A 00 2A 00 2A 00 15 00 15 00 2A 00 2A 00 2A 00 15 FF FF
[RIGHT]00 7D 00 2A 00 15 00 2A 00 15 00 15 00 15 00 15 00 3E 00 3E 00 15 00 15 00 15 00 15 00 15 00 15 00 15 00 15 00 15 00 15 00 15 00 15 00 15 00 15 00 15 00 15 00 2A 00 2A 00 2A 00 15 00 15 00 2A 00 2A 00 15 00 15 00 15 FF FF
[OK]00 7D 00 2A 00 15 00 2A 00 15 00 15 00 15 00 15 00 3E 00 3E 00 15 00 15 00 15 00 15 00 15 00 15 00 15 00 15 00 15 00 15 00 15 00 15 00 15 00 15 00 15 00 15 00 2A 00 2A 00 2A 00 15 00 15 00 15 00 15 00 2A 00 15 00 15 00 15 FF FF                        
[BACK]00 7D 00 2A 00 15 00 2A 00 15 00 15 00 15 00 15 00 3E 00 3E 00 15 00 15 00 15 00 15 00 15 00 15 00 15 00 15 00 15 00 15 00 15 00 15 00 15 00 15 00 15 00 15 00 2A 00 2A 00 15 00 15 00 15 00 15 00 15 00 15 00 15 00 15 00 2A 00 15 FF FF                  
[MENU]00 7D 00 2A 00 15 00 2A 00 15 00 15 00 15 00 15 00 3E 00 3E 00 15 00 15 00 15 00 15 00 15 00 15 00 15 00 15 00 15 00 15 00 15 00 15 00 15 00 15 00 15 00 15 00 2A 00 2A 00 2A 00 2A 00 2A 00 2A 00 15 00 15 00 15 FF FF                                    
[PLAY]00 7D 00 2A 00 15 00 2A 00 15 00 15 00 15 00 15 00 3E 00 3E 00 15 00 15 00 15 00 15 00 15 00 15 00 15 00 15 00 15 00 15 00 15 00 15 00 15 00 15 00 15 00 15 00 15 00 15 00 2A 00 2A 00 2A 00 15 00 15 00 2A 00 15 00 15 00 15 FF FF                        
[STOP]00 7D 00 2A 00 15 00 2A 00 15 00 15 00 15 00 15 00 3E 00 3E 00 15 00 15 00 15 00 15 00 15 00 15 00 15 00 15 00 15 00 15 00 15 00 15 00 15 00 15 00 15 00 15 00 15 00 15 00 2A 00 15 00 15 00 2A 00 15 00 15 00 15 00 15 00 2A 00 15 FF FF                  
[SKPUP]00 7D 00 2A 00 15 00 2A 00 15 00 15 00 15 00 15 00 3E 00 3E 00 15 00 15 00 15 00 15 00 15 00 15 00 15 00 15 00 15 00 15 00 15 00 15 00 15 00 15 00 15 00 15 00 2A 00 2A 00 15 00 15 00 2A 00 15 00 15 00 2A 00 15 00 15 00 15 FF FF                        
[SKPDWN]00 7D 00 2A 00 15 00 2A 00 15 00 15 00 15 00 15 00 3E 00 3E 00 15 00 15 00 15 00 15 00 15 00 15 00 15 00 15 00 15 00 15 00 15 00 15 00 15 00 15 00 15 00 15 00 2A 00 2A 00 15 00 15 00 2A 00 15 00 15 00 2A 00 2A 00 15 FF FF                              
[PAUSE]00 7D 00 2A 00 15 00 2A 00 15 00 15 00 15 00 15 00 3E 00 3E 00 15 00 15 00 15 00 15 00 15 00 15 00 15 00 15 00 15 00 15 00 15 00 15 00 15 00 15 00 15 00 15 00 15 00 15 00 2A 00 15 00 15 00 2A 00 15 00 15 00 15 00 15 00 15 00 15 00 15 FF FF            
[REV]00 7D 00 2A 00 15 00 2A 00 15 00 15 00 15 00 15 00 3E 00 3E 00 15 00 15 00 15 00 15 00 15 00 15 00 15 00 15 00 15 00 15 00 15 00 15 00 15 00 15 00 15 00 15 00 15 00 15 00 2A 00 2A 00 2A 00 2A 00 2A 00 15 00 15 00 15 FF FF                              
[FWD]00 7D 00 2A 00 15 00 2A 00 15 00 15 00 15 00 15 00 3E 00 3E 00 15 00 15 00 15 00 15 00 15 00 15 00 15 00 15 00 15 00 15 00 15 00 15 00 15 00 15 00 15 00 15 00 15 00 15 00 2A 00 2A 00 2A 00 2A 00 15 00 15 00 15 00 15 00 15 FF FF                        
[RED]00 7D 00 2A 00 15 00 2A 00 15 00 15 00 15 00 15 00 3E 00 3E 00 15 00 15 00 15 00 15 00 15 00 15 00 15 00 15 00 15 00 15 00 15 00 15 00 15 00 15 00 15 00 15 00 2A 00 15 00 15 00 2A 00 2A 00 15 00 15 00 2A 00 2A 00 15 FF FF                              
[GREEN]00 7D 00 2A 00 15 00 2A 00 15 00 15 00 15 00 15 00 3E 00 3E 00 15 00 15 00 15 00 15 00 15 00 15 00 15 00 15 00 15 00 15 00 15 00 15 00 15 00 15 00 15 00 15 00 2A 00 15 00 15 00 2A 00 2A 00 15 00 15 00 15 00 15 00 2A 00 15 FF FF                        
[BLUE]00 7D 00 2A 00 15 00 2A 00 15 00 15 00 15 00 15 00 3E 00 3E 00 15 00 15 00 15 00 15 00 15 00 15 00 15 00 15 00 15 00 15 00 15 00 15 00 15 00 15 00 15 00 15 00 2A 00 15 00 15 00 15 00 15 00 2A 00 15 00 15 00 15 00 15 00 15 00 15 00 15 FF FF            
[YELLOW]00 7D 00 2A 00 15 00 2A 00 15 00 15 00 15 00 15 00 3E 00 3E 00 15 00 15 00 15 00 15 00 15 00 15 00 15 00 15 00 15 00 15 00 15 00 15 00 15 00 15 00 15 00 15 00 2A 00 15 00 15 00 2A 00 2A 00 15 00 15 00 15 00 15 00 15 00 15 00 15 FF FF                  
[HOME]00 00 FF FF
[EJECT]00 00 FF FF
[DISCMENU]00 00 FF FF
[TITLE]00 00 FF FF
[MODE]00 00 FF FF
[CLEAR]00 00 FF FF
[10]00 00 FF FF
[SUBTITLE]00 00 FF FF
[ANGLE]00 00 FF FF
[REPEAT]00 00 FF FF
[A2B]00 00 FF FF
[SRCHMODE]00 00 FF FF
[PIP]00 00 FF FF
[WHITEB]00 00 FF FF
[FACTORY]00 00 FF FF